<Info>
Co, Cf = Initial and Final Cost
Wo, Wf = Initial and Final Worst Case
dC, dW = Cf-Co and Wf-Wo
nS = Number of Swaps
aC = All Costs

==================================
INITIAL ARC
T T I T N I O I 
- T T I I T E B 
T D E I - T - B 
I - - A E D S I 
P T B I N D A I 
T A T D C T E T 
I I T D - - - - 
P I M T - I I I 
Co::751
Wo::12

APPYLING SA...
- C B P T T - - 
- B I A E D S I 
O A I T T N T - 
D I M I P E I A 
- T D I I N I T 
- T T I I T I B 
I D I T T I E E 
- T D T T - I - 
Cf::299
Wf::7

dC::452
dW::5
nS::4080
aC::[740, 695, 670, 683, 694, 658, 684, 685, 710, 715, 713, 697, 709, 669, 702, 732, 703, 689, 689, 682, 730, 766, 734, 704, 704, 697, 681, 688, 676, 692, 703, 679, 684, 689, 637, 687, 697, 696, 645, 681, 656, 688, 701, 670, 712, 699, 687, 675, 666, 660, 710, 681, 692, 702, 697, 686, 654, 677, 636, 648, 657, 665, 672, 631, 656, 658, 669, 685, 668, 692, 705, 716, 730, 746, 740, 705, 727, 711, 677, 694, 703, 624, 599, 597, 581, 607, 635, 650, 675, 688, 644, 625, 641, 686, 671, 660, 656, 645, 651, 657, 653, 645, 686, 703, 687, 710, 664, 626, 665, 652, 624, 654, 663, 685, 617, 628, 637, 639, 664, 712, 666, 610, 626, 638, 677, 675, 666, 660, 679, 684, 661, 664, 679, 687, 727, 707, 728, 718, 721, 718, 642, 658, 655, 685, 657, 645, 621, 611, 594, 644, 643, 618, 638, 637, 591, 590, 582, 686, 690, 692, 680, 678, 670, 660, 678, 641, 650, 675, 654, 639, 575, 589, 631, 626, 653, 631, 606, 585, 600, 621, 593, 644, 649, 680, 642, 702, 691, 625, 640, 645, 631, 591, 618, 601, 634, 599, 571, 560, 544, 535, 546, 534, 554, 563, 558, 570, 640, 635, 640, 613, 632, 644, 640, 613, 632, 657, 656, 604, 642, 628, 608, 616, 609, 609, 619, 600, 591, 620, 606, 637, 645, 615, 632, 631, 623, 624, 615, 604, 622, 639, 628, 635, 642, 597, 600, 605, 619, 637, 654, 665, 630, 592, 607, 599, 605, 621, 631, 615, 648, 616, 613, 632, 640, 599, 575, 553, 564, 552, 557, 556, 563, 577, 537, 557, 579, 571, 563, 588, 608, 590, 613, 585, 551, 581, 605, 584, 563, 539, 563, 540, 510, 506, 500, 513, 490, 496, 517, 543, 505, 529, 538, 578, 569, 555, 529, 511, 514, 512, 493, 470, 500, 491, 505, 497, 463, 458, 456, 452, 449, 439, 440, 440, 451, 441, 443, 432, 431, 431, 438, 437, 421, 423, 417, 416, 409, 410, 416, 411, 407, 397, 405, 394, 393, 393, 380, 388, 394, 390, 382, 380, 379, 378, 376, 375, 375, 368, 370, 362, 348, 345, 345, 338, 335, 326, 339, 337, 341, 343, 345, 343, 346, 364, 348, 348, 347, 337, 354, 345, 333, 329, 323, 317, 313, 309, 314, 310, 305, 307, 303, 300, 298, 298, 305, 300, 300, 289, 293, 296, 305, 313, 315, 315, 311, 308, 297, 302, 305, 305, 306, 306, 302, 304, 306, 304, 308, 304, 307, 322, 335, 327, 325, 315, 313, 313, 311, 314, 324, 321, 322, 318, 318, 311, 309, 310, 303, 310, 313, 312, 306, 305, 308, 308, 314, 320, 323, 333, 329, 333, 331, 328, 329, 328, 347, 354, 341, 343, 340, 336, 340, 335, 345, 334, 335, 336, 335, 325, 332, 338, 355, 337, 335, 333, 340, 330, 330, 325, 331, 322, 340, 333, 323, 318, 317, 317, 321, 315, 316, 316, 311, 310, 310, 304, 299, 308, 311, 322, 314, 312, 300, 301, 295, 297, 302, 310, 313, 307, 303, 303, 304, 300]
==================================

==================================
INITIAL ARC
I I T T D I S B 
B T T I I - T - 
I - T T D T I B 
I I - I - D T I 
E A I M N - N T 
A - T C O D D E 
- - E T - I T I 
I P T E I A P T 
Co::709
Wo::12

APPYLING SA...
- D I D T D I - 
- T T T T I T - 
T T T I I D B - 
E E T T I E I T 
I I T I I T A I 
I I B I N P A P 
- - E I A M C B 
S - - N T D O - 
Cf::300
Wf::6

dC::409
dW::6
nS::3954
aC::[707, 660, 667, 687, 618, 648, 655, 653, 715, 730, 679, 655, 675, 657, 647, 673, 681, 677, 661, 690, 667, 683, 724, 671, 704, 728, 743, 718, 714, 724, 731, 698, 671, 682, 684, 694, 697, 715, 678, 666, 632, 662, 672, 651, 647, 656, 662, 673, 665, 694, 704, 682, 664, 674, 652, 664, 647, 633, 683, 657, 668, 686, 687, 649, 705, 720, 708, 720, 693, 704, 651, 697, 688, 670, 671, 664, 668, 672, 666, 689, 628, 630, 646, 681, 644, 638, 611, 635, 618, 633, 679, 665, 703, 727, 740, 766, 758, 712, 753, 698, 721, 639, 620, 624, 680, 670, 691, 632, 719, 676, 609, 632, 631, 649, 647, 649, 628, 654, 627, 632, 628, 589, 605, 592, 603, 657, 699, 707, 677, 681, 673, 638, 670, 681, 688, 685, 647, 625, 649, 650, 679, 705, 687, 673, 681, 669, 645, 616, 679, 667, 619, 639, 660, 674, 698, 699, 685, 639, 674, 699, 696, 662, 610, 667, 652, 652, 607, 641, 602, 628, 674, 664, 691, 658, 687, 667, 650, 652, 661, 686, 631, 606, 619, 603, 592, 628, 648, 635, 634, 627, 633, 676, 672, 638, 623, 619, 589, 595, 620, 620, 639, 652, 648, 609, 656, 663, 638, 625, 636, 643, 616, 617, 631, 598, 592, 578, 577, 584, 577, 586, 576, 531, 542, 531, 519, 547, 585, 602, 578, 579, 572, 589, 586, 589, 604, 592, 592, 581, 595, 599, 585, 578, 576, 554, 557, 538, 525, 545, 518, 539, 554, 546, 552, 565, 534, 560, 608, 615, 607, 604, 596, 585, 556, 519, 521, 533, 531, 534, 554, 570, 573, 616, 598, 611, 612, 606, 598, 622, 578, 566, 578, 586, 584, 568, 544, 526, 535, 566, 567, 562, 575, 577, 573, 582, 577, 578, 538, 546, 518, 522, 523, 527, 541, 545, 520, 513, 510, 498, 477, 475, 466, 452, 465, 486, 469, 477, 483, 482, 468, 457, 471, 469, 470, 481, 470, 463, 469, 463, 447, 440, 427, 419, 408, 408, 397, 396, 386, 390, 386, 379, 377, 376, 375, 360, 375, 372, 383, 372, 379, 380, 380, 372, 355, 363, 350, 353, 354, 349, 338, 344, 342, 344, 336, 343, 351, 339, 330, 333, 337, 341, 346, 349, 337, 331, 329, 332, 336, 343, 336, 340, 330, 319, 315, 313, 309, 315, 313, 314, 323, 322, 326, 332, 309, 311, 308, 308, 303, 305, 316, 310, 310, 312, 301, 302, 304, 302, 314, 310, 315, 308, 321, 315, 313, 312, 308, 312, 309, 303, 297, 300, 297, 300, 297, 296, 295, 297, 297, 304, 308, 313, 314, 312, 312, 310, 315, 307, 308, 312, 309, 309, 303, 318, 316, 316, 314, 313, 307, 310, 316, 311, 302, 308, 310, 310, 304, 304, 313, 315, 311, 307, 303, 303, 304, 302, 301, 288, 293, 299, 300, 305, 305, 311, 318, 318, 325, 318, 316, 306, 305, 298, 300, 301, 300, 298, 297, 298, 309, 295, 293, 293, 292, 290, 302, 306, 300]
==================================

==================================
INITIAL ARC
A E I - P - - I 
I A I T T T P B 
- - T I T T M I 
- D D I T S C N 
T I I T - I - D 
B I E N T - B E 
I O T T E A T I 
T D I I I D - T 
Co::740
Wo::12

APPYLING SA...
- - - - N D - S 
T T T T T B O - 
T T I T I T I T 
D I T D D I I A 
D T T I I M B A 
I I I E I P C E 
B I I T E T P - 
I I - E A N - - 
Cf::321
Wf::7

dC::419
dW::5
nS::3952
aC::[722, 682, 684, 663, 673, 656, 646, 687, 667, 644, 620, 654, 631, 692, 662, 650, 730, 677, 659, 670, 641, 602, 650, 602, 604, 593, 628, 672, 684, 677, 676, 690, 622, 604, 639, 680, 700, 743, 778, 752, 724, 710, 726, 711, 694, 644, 616, 601, 643, 633, 609, 634, 675, 700, 702, 678, 674, 674, 679, 667, 647, 669, 655, 672, 696, 682, 688, 671, 696, 663, 715, 674, 687, 716, 721, 732, 693, 676, 674, 632, 617, 672, 675, 646, 641, 655, 720, 710, 697, 653, 730, 742, 725, 745, 676, 678, 686, 710, 700, 708, 685, 677, 632, 653, 679, 653, 654, 621, 635, 667, 723, 692, 683, 682, 653, 643, 659, 684, 664, 689, 683, 728, 705, 669, 645, 647, 620, 599, 596, 608, 656, 665, 664, 664, 695, 667, 708, 689, 684, 680, 686, 698, 649, 639, 651, 670, 643, 595, 623, 596, 595, 593, 616, 630, 630, 628, 647, 648, 601, 612, 620, 633, 618, 626, 637, 592, 608, 590, 620, 625, 636, 663, 629, 659, 641, 625, 651, 614, 612, 622, 634, 655, 620, 623, 638, 610, 635, 652, 652, 626, 638, 601, 605, 634, 645, 633, 623, 634, 626, 640, 653, 643, 677, 682, 669, 641, 652, 666, 642, 617, 595, 609, 596, 605, 636, 648, 654, 647, 635, 664, 664, 651, 646, 596, 590, 601, 606, 613, 603, 629, 613, 611, 600, 587, 612, 593, 604, 633, 640, 627, 646, 635, 612, 626, 613, 595, 578, 572, 572, 568, 569, 578, 566, 573, 618, 603, 583, 603, 621, 610, 578, 600, 602, 567, 548, 565, 556, 574, 588, 571, 547, 534, 527, 573, 563, 578, 562, 574, 573, 546, 545, 583, 570, 590, 586, 588, 587, 581, 578, 577, 562, 564, 559, 551, 572, 571, 574, 553, 540, 532, 526, 546, 515, 505, 478, 464, 471, 482, 460, 456, 483, 493, 494, 520, 524, 545, 516, 508, 495, 488, 500, 470, 454, 450, 448, 438, 436, 425, 418, 412, 401, 403, 405, 395, 386, 381, 376, 375, 379, 387, 401, 387, 379, 374, 363, 359, 358, 359, 357, 346, 358, 354, 351, 353, 349, 348, 341, 332, 322, 324, 322, 320, 319, 321, 320, 324, 320, 325, 324, 325, 331, 324, 329, 329, 331, 323, 323, 319, 323, 314, 305, 293, 289, 288, 291, 296, 296, 296, 306, 305, 307, 307, 305, 308, 315, 314, 320, 320, 311, 310, 302, 304, 299, 306, 311, 315, 314, 319, 321, 315, 325, 328, 332, 334, 338, 336, 334, 330, 322, 325, 312, 323, 326, 317, 313, 307, 314, 321, 315, 313, 324, 324, 323, 318, 326, 336, 337, 336, 338, 350, 334, 335, 327, 326, 326, 311, 308, 302, 301, 300, 300, 302, 302, 301, 312, 304, 303, 303, 312, 318, 303, 297, 307, 309, 320, 307, 299, 298, 309, 317, 315, 303, 313, 312, 310, 324, 323, 311, 319, 318, 311, 310, 307, 313, 319, 316, 316, 316, 312, 315, 313, 312, 315, 320]
==================================

==================================
INITIAL ARC
I T - T I D T I 
- S E - T T P B 
I O T C I T E E 
- I P A T - B T 
T I A M I I - T 
- T - I D T N A 
D I I I D I N T 
I D - I - B T E 
Co::679
Wo::12

APPYLING SA...
T - - O C A I D 
N E - I B P T B 
I P I I D A T I 
N E A I M T T - 
- I I D T D T T 
E I B I E T T - 
T I I I I D I T 
- - S T T T - - 
Cf::301
Wf::8

dC::378
dW::4
nS::3943
aC::[689, 693, 666, 667, 713, 720, 687, 683, 705, 634, 655, 633, 662, 660, 671, 668, 704, 689, 707, 726, 730, 745, 702, 709, 673, 678, 708, 680, 656, 656, 654, 660, 699, 718, 738, 691, 682, 710, 712, 699, 704, 699, 688, 665, 707, 671, 655, 688, 641, 640, 653, 635, 708, 713, 728, 719, 716, 714, 714, 685, 708, 654, 685, 680, 708, 757, 755, 730, 697, 688, 672, 684, 645, 636, 680, 649, 645, 679, 666, 685, 676, 658, 655, 645, 680, 653, 629, 659, 673, 684, 602, 606, 645, 653, 651, 692, 710, 711, 676, 683, 665, 663, 635, 608, 588, 601, 626, 626, 608, 602, 621, 637, 631, 621, 631, 670, 669, 661, 666, 661, 649, 641, 611, 636, 578, 590, 655, 678, 699, 672, 646, 659, 641, 658, 660, 665, 684, 696, 678, 676, 660, 631, 620, 567, 598, 620, 619, 619, 664, 637, 669, 675, 678, 667, 635, 659, 622, 636, 637, 651, 665, 638, 686, 672, 696, 716, 677, 618, 628, 610, 622, 633, 658, 671, 661, 651, 618, 660, 665, 653, 692, 690, 675, 684, 716, 684, 669, 684, 667, 659, 651, 626, 618, 651, 634, 608, 633, 580, 591, 586, 596, 638, 632, 650, 682, 684, 668, 619, 640, 632, 651, 654, 636, 622, 641, 667, 652, 647, 651, 670, 672, 650, 630, 641, 661, 603, 583, 620, 630, 603, 593, 578, 593, 556, 550, 568, 577, 591, 607, 583, 588, 620, 586, 617, 621, 597, 601, 560, 563, 611, 630, 642, 649, 615, 607, 614, 592, 563, 591, 582, 603, 571, 537, 525, 538, 537, 532, 601, 601, 588, 603, 627, 627, 593, 567, 587, 566, 556, 574, 600, 596, 591, 604, 553, 588, 560, 554, 542, 563, 575, 583, 544, 556, 576, 573, 575, 572, 551, 527, 539, 546, 528, 536, 530, 530, 517, 524, 520, 546, 543, 553, 524, 549, 523, 531, 536, 546, 532, 525, 520, 514, 500, 477, 473, 495, 502, 468, 466, 475, 476, 458, 446, 416, 413, 403, 403, 399, 402, 387, 380, 385, 383, 386, 381, 382, 376, 376, 365, 360, 368, 367, 384, 385, 379, 375, 361, 335, 332, 341, 340, 334, 333, 341, 340, 339, 326, 328, 331, 323, 323, 319, 317, 330, 329, 327, 317, 319, 310, 302, 298, 300, 308, 311, 313, 311, 306, 308, 308, 309, 314, 328, 323, 320, 330, 339, 342, 347, 333, 334, 320, 318, 325, 321, 320, 315, 310, 305, 305, 307, 309, 314, 314, 309, 307, 313, 312, 322, 313, 313, 308, 313, 312, 301, 300, 296, 304, 308, 306, 302, 302, 292, 294, 295, 294, 303, 299, 292, 287, 283, 281, 280, 276, 278, 286, 289, 301, 299, 299, 301, 289, 301, 289, 281, 283, 288, 290, 289, 288, 290, 292, 302, 300, 304, 308, 307, 316, 314, 325, 326, 326, 329, 319, 318, 314, 312, 314, 311, 313, 315, 315, 311, 315, 305, 302, 300, 296, 292, 293, 295, 293, 295, 293, 294]
==================================